image_width: 1280
image_height: 720
camera_name: camera/left
camera_matrix:
  rows: 3
  cols: 3
  data: [714.1325299581505, 0.0, 652.5967189512522, 0.0, 717.025064616868, 339.4098949998845, 0.0, 0.0, 1.0]
distortion_model: plumb_bob
distortion_coefficients:
  rows: 1
  cols: 5
  data: [-0.16089714750270165, 0.018231431330913265, -0.0003798261393457369, 0.0008673675945167772, 0.0]
rectification_matrix:
  rows: 3
  cols: 3
  data: [0.9994032316677541, -0.004002498274172664, 0.03430977323759053, 0.00408780596859506, 0.999988724855043, -0.002416610259882663, -0.03429971391152931, 0.0025554197992299515, 0.999408324687781]
projection_matrix:
  rows: 3
  cols: 4
  data: [720.1693876512269, 0.0, 589.5634231567383, 0.0, 0.0, 720.1693876512269, 354.3173179626465, 0.0, 0.0, 0.0, 1.0, 0.0]
