image_width: 1280
image_height: 720
camera_name: camera/left
camera_matrix:
  rows: 3
  cols: 3
  data: [711.5409116672012, 0.0, 657.5197414857025, 0.0, 713.066420866896, 348.6165864875838, 0.0, 0.0, 1.0]
distortion_model: plumb_bob
distortion_coefficients:
  rows: 1
  cols: 5
  data: [-0.16504067430308475, 0.020489848848335077, -8.465743013118889e-05, 0.0007429861414621026, 0.0]
rectification_matrix:
  rows: 3
  cols: 3
  data: [0.9998844865718562, 0.0017829636760914762, 0.015094189394107957, -0.0017136317914391867, 0.9999879287796551, -0.004604971341809403, -0.015102217685453738, 0.00457857352297146, 0.9998754720891376]
projection_matrix:
  rows: 3
  cols: 4
  data: [713.6643135421465, 0.0, 622.4469680786133, 0.0, 0.0, 713.6643135421465, 368.05366134643555, 0.0, 0.0, 0.0, 1.0, 0.0]
