image_width: 1280
image_height: 720
camera_name: camera/right
camera_matrix:
  rows: 3
  cols: 3
  data: [713.8912288339625, 0.0, 608.4181713902018, 0.0, 716.2744090171541, 373.5208164556402, 0.0, 0.0, 1.0]
distortion_model: plumb_bob
distortion_coefficients:
  rows: 1
  cols: 5
  data: [-0.16033112221916587, 0.017076803899029713, -0.000498165364270739, 0.0004272540852606171, 0.0]
rectification_matrix:
  rows: 3
  cols: 3
  data: [0.9998120216037586, -0.005201247934664388, 0.018678021215524886, 0.0051547889025678984, 0.9999835017193082, 0.002534648015049334, -0.018690896393041483, -0.002437890299496712, 0.9998223377595202]
projection_matrix:
  rows: 3
  cols: 4
  data:  [720.1693876512269, 0.0, 589.5634231567383, -86.52580498584223, 0.0, 720.1693876512269, 354.3173179626465, 0.0, 0.0, 0.0, 1.0, 0.0]
