image_width: 1280
image_height: 720
camera_name: camera/right
camera_matrix:
  rows: 3
  cols: 3
  data: [712.8416221847027, 0.0, 612.721192370792, 0.0, 713.734001483794, 384.344710947143, 0.0, 0.0, 1.0]
distortion_model: plumb_bob
distortion_coefficients:
  rows: 1
  cols: 5
  data: [-0.16207977503159382, 0.01737430910200699, -0.000318469915209832, -2.8816416714693087e-05, 0.0]
rectification_matrix:
  rows: 3
  cols: 3
  data: [0.9999992782727317, 0.0009420287371787288, -0.0007456781302513319, -0.0009385947217224667, 0.999989015052904, 0.004592255815104028, 0.0007499959759628251, -0.004591552611190622, 0.9999891775167643]
projection_matrix:
  rows: 3
  cols: 4
  data: [713.6643135421465, 0.0, 622.4469680786133, -85.8185609390456, 0.0, 713.6643135421465, 368.05366134643555, 0.0, 0.0, 0.0, 1.0, 0.0]
