Left:
D = [-0.16089714750270165, 0.018231431330913265, -0.0003798261393457369, 0.0008673675945167772, 0.0]
K = [714.1325299581505, 0.0, 652.5967189512522, 0.0, 717.025064616868, 339.4098949998845, 0.0, 0.0, 1.0]
R = [0.9994032316677541, -0.004002498274172664, 0.03430977323759053, 0.00408780596859506, 0.999988724855043, -0.002416610259882663, -0.03429971391152931, 0.0025554197992299515, 0.999408324687781]
P = [720.1693876512269, 0.0, 589.5634231567383, 0.0, 0.0, 720.1693876512269, 354.3173179626465, 0.0, 0.0, 0.0, 1.0, 0.0]

Right:
D = [-0.16033112221916587, 0.017076803899029713, -0.000498165364270739, 0.0004272540852606171, 0.0]
K = [713.8912288339625, 0.0, 608.4181713902018, 0.0, 716.2744090171541, 373.5208164556402, 0.0, 0.0, 1.0]
R = [0.9998120216037586, -0.005201247934664388, 0.018678021215524886, 0.0051547889025678984, 0.9999835017193082, 0.002534648015049334, -0.018690896393041483, -0.002437890299496712, 0.9998223377595202]
P = [720.1693876512269, 0.0, 589.5634231567383, -86.52580498584223, 0.0, 720.1693876512269, 354.3173179626465, 0.0, 0.0, 0.0, 1.0, 0.0]
self.T = [-0.1201238784752171, 0.0006249115446930126, -0.0022440981926302155]
self.R = [0.9998775296269405, 0.0011052218039021198, 0.015611029174617921, -0.0010267865279641195, 0.9999868149131141, -0.005031471887154261, -0.015616384234277277, 0.005014826486471054, 0.9998654809816959]
None
# oST version 5.0 parameters


[image]

width
1280

height
720

[narrow_stereo/left]

camera matrix
714.132530 0.000000 652.596719
0.000000 717.025065 339.409895
0.000000 0.000000 1.000000

distortion
-0.160897 0.018231 -0.000380 0.000867 0.000000

rectification
0.999403 -0.004002 0.034310
0.004088 0.999989 -0.002417
-0.034300 0.002555 0.999408

projection
720.169388 0.000000 589.563423 0.000000
0.000000 720.169388 354.317318 0.000000
0.000000 0.000000 1.000000 0.000000
# oST version 5.0 parameters


[image]

width
1280

height
720

[narrow_stereo/right]

camera matrix
713.891229 0.000000 608.418171
0.000000 716.274409 373.520816
0.000000 0.000000 1.000000

distortion
-0.160331 0.017077 -0.000498 0.000427 0.000000

rectification
0.999812 -0.005201 0.018678
0.005155 0.999984 0.002535
-0.018691 -0.002438 0.999822

projection
720.169388 0.000000 589.563423 -86.525805
0.000000 720.169388 354.317318 0.000000
0.000000 0.000000 1.000000 0.000000
