#1280*720分辨率
Left:
D = [-0.16504067430308475, 0.020489848848335077, -8.465743013118889e-05, 0.0007429861414621026, 0.0]
K = [711.5409116672012, 0.0, 657.5197414857025, 0.0, 713.066420866896, 348.6165864875838, 0.0, 0.0, 1.0]
R = [0.9998844865718562, 0.0017829636760914762, 0.015094189394107957, -0.0017136317914391867, 0.9999879287796551, -0.004604971341809403, -0.015102217685453738, 0.00457857352297146, 0.9998754720891376]
P = [713.6643135421465, 0.0, 622.4469680786133, 0.0, 0.0, 713.6643135421465, 368.05366134643555, 0.0, 0.0, 0.0, 1.0, 0.0]

Right:
D = [-0.16207977503159382, 0.01737430910200699, -0.000318469915209832, -2.8816416714693087e-05, 0.0]
K = [712.8416221847027, 0.0, 612.721192370792, 0.0, 713.734001483794, 384.344710947143, 0.0, 0.0, 1.0]
R = [0.9999992782727317, 0.0009420287371787288, -0.0007456781302513319, -0.0009385947217224667, 0.999989015052904, 0.004592255815104028, 0.0007499959759628251, -0.004591552611190622, 0.9999891775167643]
P = [713.6643135421465, 0.0, 622.4469680786133, -85.8185609390456, 0.0, 713.6643135421465, 368.05366134643555, 0.0, 0.0, 0.0, 1.0, 0.0]
self.T = [-0.12025051186251015, -0.00011327951959204938, 8.96682415623606e-05]
self.R = [0.9998740467312193, 0.0008478129092577417, 0.01584840328255688, -0.0007023504200267445, 0.9999576008069659, -0.00918168243101195, -0.015855515671940542, 0.0091693948353946, 0.9998322483402551]
None
# oST version 5.0 parameters


[image]

width
1280

height
720

[narrow_stereo/left]

camera matrix
711.540912 0.000000 657.519741
0.000000 713.066421 348.616586
0.000000 0.000000 1.000000

distortion
-0.165041 0.020490 -0.000085 0.000743 0.000000

rectification
0.999884 0.001783 0.015094
-0.001714 0.999988 -0.004605
-0.015102 0.004579 0.999875

projection
713.664314 0.000000 622.446968 0.000000
0.000000 713.664314 368.053661 0.000000
0.000000 0.000000 1.000000 0.000000
# oST version 5.0 parameters


[image]

width
1280

height
720

[narrow_stereo/right]

camera matrix
712.841622 0.000000 612.721192
0.000000 713.734001 384.344711
0.000000 0.000000 1.000000

distortion
-0.162080 0.017374 -0.000318 -0.000029 0.000000

rectification
0.999999 0.000942 -0.000746
-0.000939 0.999989 0.004592
0.000750 -0.004592 0.999989

projection
713.664314 0.000000 622.446968 -85.818561
0.000000 713.664314 368.053661 0.000000
0.000000 0.000000 1.000000 0.000000

