cam0:
  cam_overlaps: [1]
  camera_model: pinhole
  distortion_coeffs: [-0.1734857772863602, 0.026545178121976657, 0.0004291887376674085,
    -3.4873170616746686e-05]
  distortion_model: radtan
  intrinsics: [693.131838769146, 692.5498277671763, 616.3486206381017, 379.6677572220899]
  resolution: [1280, 720]
  rostopic: /stereo/left/image_raw
cam1:
  T_cn_cnm1:
  - [0.9999658061828064, 0.0005632950824424241, 0.0082504038578218, -0.11947602055948268]
  - [-0.0006621128372211408, 0.9999280240823567, 0.011979493367486592, 0.0004870068672051519]
  - [-0.008243062037729159, -0.011984546441186855, 0.9998942056912012, -0.0028910358303400464]
  - [0.0, 0.0, 0.0, 1.0]
  cam_overlaps: [0]
  camera_model: pinhole
  distortion_coeffs: [-0.17456713089475154, 0.027410444232267236, 0.0006360696559962682,
    -0.0002450168896166665]
  distortion_model: radtan
  intrinsics: [694.2107729740508, 693.480347118504, 617.3114354961933, 380.800130116761]
  resolution: [1280, 720]
  rostopic: /stereo/right/image_raw
