Left:
D = [-0.16759315080247913, 0.02539833208003991, 0.0004406086788226635, -0.0010352271266622773, 0.0]
K = [359.53176644038246, 0.0, 337.90405263480915, 0.0, 360.47276866759404, 175.4371888171305, 0.0, 0.0, 1.0]
R = [0.9980295771480989, 0.0010748767244695406, 0.062736016590265, -0.0009228459157667373, 0.9999965673630437, -0.0024522678372653752, -0.06273843712591638, 0.002389540155998048, 0.9980271432204838]
P = [360.7463684167208, 0.0, 278.08293533325195, 0.0, 0.0, 360.7463684167208, 183.7482967376709, 0.0, 0.0, 0.0, 1.0, 0.0]

Right:
D = [-0.1683377632035236, 0.023647393819115445, -3.0302697067598134e-05, -0.0011765413178150945, 0.0]
K = [357.9133896351122, 0.0, 318.4219855860644, 0.0, 358.7233119697173, 192.70196243347732, 0.0, 0.0, 1.0]
R = [0.998599592225909, -0.000428655339192645, 0.052902463655752574, 0.0003004742758160232, 0.9999970002173035, 0.0024308993405740453, -0.05290334697783887, -0.002411599260783624, 0.9985967254440341]
P = [360.7463684167208, 0.0, 278.08293533325195, -43.876006766908446, 0.0, 360.7463684167208, 183.7482967376709, 0.0, 0.0, 0.0, 1.0, 0.0]
self.T = [-0.12145531127100093, 5.213547857912601e-05, -0.006434295828210968]
self.R = [0.9999507247861495, 0.0012474300311549039, 0.009848447490417953, -0.0011993538857504656, 0.9999873442257234, -0.0048859941302976245, -0.00985441778649972, 0.004873941598125736, 0.999939565745544]
None
# oST version 5.0 parameters


[image]

width
672

height
376

[narrow_stereo/left]

camera matrix
359.531766 0.000000 337.904053
0.000000 360.472769 175.437189
0.000000 0.000000 1.000000

distortion
-0.167593 0.025398 0.000441 -0.001035 0.000000

rectification
0.998030 0.001075 0.062736
-0.000923 0.999997 -0.002452
-0.062738 0.002390 0.998027

projection
360.746368 0.000000 278.082935 0.000000
0.000000 360.746368 183.748297 0.000000
0.000000 0.000000 1.000000 0.000000
# oST version 5.0 parameters


[image]

width
672

height
376

[narrow_stereo/right]

camera matrix
357.913390 0.000000 318.421986
0.000000 358.723312 192.701962
0.000000 0.000000 1.000000

distortion
-0.168338 0.023647 -0.000030 -0.001177 0.000000

rectification
0.998600 -0.000429 0.052902
0.000300 0.999997 0.002431
-0.052903 -0.002412 0.998597

projection
360.746368 0.000000 278.082935 -43.876007
0.000000 360.746368 183.748297 0.000000
0.000000 0.000000 1.000000 0.000000
