image_width: 672
image_height: 376
camera_name: camera/left
camera_matrix:
  rows: 3
  cols: 3
  data: [351.8225695986258, 0.0, 336.1836008110961, 0.0, 352.2994635276137, 183.19955341610884, 0.0, 0.0, 1.0]
distortion_model: plumb_bob
distortion_coefficients:
  rows: 1
  cols: 5
  data: [-0.16742803685370977, 0.023596319826140248, -0.00013445809567448302, -0.00025178500884355434, 0.0]
rectification_matrix:
  rows: 3
  cols: 3
  data: [0.9999461679586588, 0.0012695175655579318, 0.010298034275748904, -0.0012125277552240618, 0.9999839277969359, -0.005538404486411812, -0.010304899865431526, 0.005525619690408943, 0.9999316359460784]
projection_matrix:
  rows: 3
  cols: 4
  data: [349.86577184863546, 0.0, 314.76155853271484, 0.0, 0.0, 349.86577184863546, 193.5565071105957, 0.0, 0.0, 0.0, 1.0, 0.0]
