%YAML:1.0

#--------------------------------------------------------------------------------------------
# Camera Parameters. Adjust them!
#--------------------------------------------------------------------------------------------

# Camera calibration and distortion parameters (OpenCV) 
Camera.fx: 357.457806
Camera.fy: 357.457806
Camera.cx: 343.677189
Camera.cy: 201.175852

Camera.k1: -0.169518
Camera.k2: 0.025840
Camera.p1: -0.000130
Camera.p2: 0.000535

Camera.width: 672
Camera.height: 376

# Camera frames per second 
Camera.fps: 20.0

# stereo baseline times fx
Camera.bf: 42.970717

# Color order of the images (0: BGR, 1: RGB. It is ignored if images are grayscale)
Camera.RGB: 1

# Close/Far threshold. Baseline times.
ThDepth: 35

#--------------------------------------------------------------------------------------------
# Stereo Rectification. Only if you need to pre-rectify the images.
# Camera.fx, .fy, etc must be the same as in LEFT.P
#--------------------------------------------------------------------------------------------
LEFT.height: 376
LEFT.width: 672
LEFT.D: !!opencv-matrix
   rows: 1
   cols: 5
   dt: d
   data:[-0.1695177489466688, 0.025839601701901607, 0.025839601701901607, 0.0005354932117364973, 0.0]
LEFT.K: !!opencv-matrix
   rows: 3
   cols: 3
   dt: d
   data: [357.22820677143056, 0.0, 336.06288602065786, 0.0, 357.04750076077704,188.4760769341792, 0.0, 0.0, 1.0]
LEFT.R:  !!opencv-matrix
   rows: 3
   cols: 3
   dt: d
   data: [0.9996191948278699, 0.002736315535607181, -0.027458658178627048, -0.0029119788603607804, 0.9999755387276194, -0.006359428081523775, 0.02744058510305309,  0.006436965410568582, 0.9996027109634633]
LEFT.P:  !!opencv-matrix
   rows: 3
   cols: 4
   dt: d
   data: [357.4578062341742, 0.0, 343.677188873291, 0.0, 0.0, 357.4578062341742, 201.1758518218994, 0.0, 0.0, 0.0, 1.0, 0.0]

RIGHT.height: 376
RIGHT.width: 672
RIGHT.D: !!opencv-matrix
   rows: 1
   cols: 5
   dt: d
   data:[0.16135517394937499, 0.01861217327347302, 0.0005978075840287954, -0.00021213188711546307, 0.0]
RIGHT.K: !!opencv-matrix
   rows: 3
   cols: 3
   dt: d
   data: [361.3381363608019, 0.0, 312.2359258807056, 0.0, 361.2685075750092, 208.0610425470096, 0.0, 0.0, 1.0]
RIGHT.R:  !!opencv-matrix
   rows: 3
   cols: 3
   dt: d
   data: [0.9988328199382085, 0.004579851788779588, -0.04808349791642858, -0.004271991182851315, 0.9999697272214844, 0.006503440006915998, 0.04811182708669481, -0.006290437042267229, 0.9988221475799368]
RIGHT.P:  !!opencv-matrix
   rows: 3
   cols: 4
   dt: d
   data: [357.4578062341742, 0.0, 343.677188873291, -42.97071688467861, 0.0, 357.4578062341742, 201.1758518218994, 0.0, 0.0, 0.0, 1.0, 0.0]

#--------------------------------------------------------------------------------------------
# ORB Parameters
#--------------------------------------------------------------------------------------------

# ORB Extractor: Number of features per image
ORBextractor.nFeatures: 1200

# ORB Extractor: Scale factor between levels in the scale pyramid 	
ORBextractor.scaleFactor: 1.2

# ORB Extractor: Number of levels in the scale pyramid	
ORBextractor.nLevels: 8

# ORB Extractor: Fast threshold
# Image is divided in a grid. At each cell FAST are extracted imposing a minimum response.
# Firstly we impose iniThFAST. If no corners are detected we impose a lower value minThFAST
# You can lower these values if your images have low contrast			
ORBextractor.iniThFAST: 20
ORBextractor.minThFAST: 7

#--------------------------------------------------------------------------------------------
# Viewer Parameters
#--------------------------------------------------------------------------------------------
Viewer.KeyFrameSize: 0.05
Viewer.KeyFrameLineWidth: 1
Viewer.GraphLineWidth: 0.9
Viewer.PointSize: 2
Viewer.CameraSize: 0.08
Viewer.CameraLineWidth: 3
Viewer.ViewpointX: 0
Viewer.ViewpointY: -0.7
Viewer.ViewpointZ: -1.8
Viewer.ViewpointF: 500

