image_width: 672
image_height: 376
camera_name: camera/right
camera_matrix:
  rows: 3
  cols: 3
  data: [351.8491656876169, 0.0, 315.99375630653964, 0.0, 352.39895579009544, 201.7128112566444, 0.0, 0.0, 1.0]
distortion_model: plumb_bob
distortion_coefficients:
  rows: 1
  cols: 5
  data: [-0.16671348088285923, 0.022197364033252176, 0.00010142351555740731, -0.0003408215560674397, 0.0]
rectification_matrix:
  rows: 3
  cols: 3
  data: [0.9999993559596486, 0.00026411534570856544, 0.0011037768670044525, -0.0002702174943184527, 0.9999846622029452, 0.0055319383011163134, -0.0011022988677020316, -0.005532232998144114, 0.999984089541059]
projection_matrix:
  rows: 3
  cols: 4
  data: [349.86577184863546, 0.0, 314.76155853271484, -42.053295351405424, 0.0, 349.86577184863546, 193.5565071105957, 0.0, 0.0, 0.0, 1.0, 0.0]
