Left:
('D = ', [-0.17162062151356408, 0.02753085345607854, -0.0010458896232265638, 0.0007941834578095777, 0.0])
('K = ', [351.01455686421957, 0.0, 338.97394564434825, 0.0, 352.5677757167809, 176.26999385850394, 0.0, 0.0, 1.0])
('R = ', [0.9999585825599324, -0.0006946040796281637, -0.009074728089772919, 0.0006667074113667982, 0.999995044485482, -0.0030767687118328966, 0.00907682025592544, 0.0030705910914755894, 0.9999540903483474])
('P = ', [352.8478030538198, 0.0, 337.39555740356445, 0.0, 0.0, 352.8478030538198, 182.9157428741455, 0.0, 0.0, 0.0, 1.0, 0.0])

Right:
('D = ', [-0.17181916603311045, 0.026672351440296376, -0.0005813592871851517, 0.0006105940333312164, 0.0])
('K = ', [353.2755531431349, 0.0, 320.1888983563107, 0.0, 354.673626824392, 192.83499581629508, 0.0, 0.0, 1.0])
('R = ', [0.9998731032118815, -0.0036507386845277545, -0.015506436744122819, 0.003698385266444176, 0.9999885244897644, 0.003045133035604484, 0.015495141814876637, -0.003102095395192378, 0.9998751309960141])
('P = ', [352.8478030538198, 0.0, 337.39555740356445, -41.91023631845347, 0.0, 352.8478030538198, 182.9157428741455, 0.0, 0.0, 0.0, 1.0, 0.0])
('self.T ', [-0.11876202056920165, 0.0004336241282538629, 0.001841809479268204])
('self.R ', [0.999974803385515, 0.0030514302468580244, 0.006409474826314636, -0.0030120448820361422, 0.9999765795836123, -0.006145556922525027, -0.006428077452022567, 0.0061260964494493034, 0.9999605746041005])
None
# oST version 5.0 parameters


[image]

width
672

height
376

[narrow_stereo/left]

camera matrix
351.014557 0.000000 338.973946
0.000000 352.567776 176.269994
0.000000 0.000000 1.000000

distortion
-0.171621 0.027531 -0.001046 0.000794 0.000000

rectification
0.999959 -0.000695 -0.009075
0.000667 0.999995 -0.003077
0.009077 0.003071 0.999954

projection
352.847803 0.000000 337.395557 0.000000
0.000000 352.847803 182.915743 0.000000
0.000000 0.000000 1.000000 0.000000

# oST version 5.0 parameters


[image]

width
672

height
376

[narrow_stereo/right]

camera matrix
353.275553 0.000000 320.188898
0.000000 354.673627 192.834996
0.000000 0.000000 1.000000

distortion
-0.171819 0.026672 -0.000581 0.000611 0.000000

rectification
0.999873 -0.003651 -0.015506
0.003698 0.999989 0.003045
0.015495 -0.003102 0.999875

projection
352.847803 0.000000 337.395557 -41.910236
0.000000 352.847803 182.915743 0.000000
0.000000 0.000000 1.000000 0.000000
