**** Calibrating ****

Left:
D = [-0.17588471167890476, 0.025436131508205447, -0.0014960145462174189, 0.0018320919756416218, 0.0]
K = [343.40646580440574, 0.0, 340.1473379044084, 0.0, 343.8687060600108, 187.27331595517933, 0.0, 0.0, 1.0]
R = [0.9920363481585114, -0.004132717055042034, 0.1258840918546412, 0.00647728610582655, 0.9998129988607597, -0.018221198472052107, -0.12578524832836338, 0.01889147847040068, 0.9918776050219977]
P = [336.2496466304438, 0.0, 240.43253898620605, 0.0, 0.0, 336.2496466304438, 197.2412338256836, 0.0, 0.0, 0.0, 1.0, 0.0]

Right:
D = [-0.17189659093387502, 0.030628856534238396, -0.004032836868773084, -0.0005664120053648186, 0.0]
K = [329.73676451937376, 0.0, 326.3938186048823, 0.0, 330.5722052137657, 213.64648594616935, 0.0, 0.0, 1.0]
R = [0.9911719568246535, -0.009841251324727502, 0.13221687402427362, 0.0073757385651658505, 0.9997899072597696, 0.01912432540299415, -0.1323773035116119, -0.017980297935930634, 0.9910363052891299]
P = [336.2496466304438, 0.0, 240.43253898620605, -126.07673421820377, 0.0, 336.2496466304438, 197.2412338256836, 0.0, 0.0, 0.0, 1.0, 0.0]
self.T = [-0.3716397165539941, 0.003689975112467143, -0.049574689081653155]
self.R = [0.9999774952096306, 0.0007773230639434705, -0.006663695905982364, -0.0010252975095644552, 0.9993039421039557, -0.03729048217053383, 0.006630070835973437, 0.03729647522686671, 0.9992822499656249]
None
# oST version 5.0 parameters


[image]

width
672

height
376

[narrow_stereo/left]

camera matrix
343.406466 0.000000 340.147338
0.000000 343.868706 187.273316
0.000000 0.000000 1.000000

distortion
-0.175885 0.025436 -0.001496 0.001832 0.000000

rectification
0.992036 -0.004133 0.125884
0.006477 0.999813 -0.018221
-0.125785 0.018891 0.991878

projection
336.249647 0.000000 240.432539 0.000000
0.000000 336.249647 197.241234 0.000000
0.000000 0.000000 1.000000 0.000000
# oST version 5.0 parameters


[image]

width
672

height
376

[narrow_stereo/right]

camera matrix
329.736765 0.000000 326.393819
0.000000 330.572205 213.646486
0.000000 0.000000 1.000000

distortion
-0.171897 0.030629 -0.004033 -0.000566 0.000000

rectification
0.991172 -0.009841 0.132217
0.007376 0.999790 0.019124
-0.132377 -0.017980 0.991036

projection
336.249647 0.000000 240.432539 -126.076734
0.000000 336.249647 197.241234 0.000000
0.000000 0.000000 1.000000 0.000000

('Wrote calibration data to', '/tmp/calibrationdata.tar.gz')

Left:
D = [-0.17588471167890476, 0.025436131508205447, -0.0014960145462174189, 0.0018320919756416218, 0.0]
K = [343.40646580440574, 0.0, 340.1473379044084, 0.0, 343.8687060600108, 187.27331595517933, 0.0, 0.0, 1.0]
R = [0.9920363481585114, -0.004132717055042034, 0.1258840918546412, 0.00647728610582655, 0.9998129988607597, -0.018221198472052107, -0.12578524832836338, 0.01889147847040068, 0.9918776050219977]
P = [336.2496466304438, 0.0, 240.43253898620605, 0.0, 0.0, 336.2496466304438, 197.2412338256836, 0.0, 0.0, 0.0, 1.0, 0.0]

Right:
D = [-0.17189659093387502, 0.030628856534238396, -0.004032836868773084, -0.0005664120053648186, 0.0]
K = [329.73676451937376, 0.0, 326.3938186048823, 0.0, 330.5722052137657, 213.64648594616935, 0.0, 0.0, 1.0]
R = [0.9911719568246535, -0.009841251324727502, 0.13221687402427362, 0.0073757385651658505, 0.9997899072597696, 0.01912432540299415, -0.1323773035116119, -0.017980297935930634, 0.9910363052891299]
P = [336.2496466304438, 0.0, 240.43253898620605, -126.07673421820377, 0.0, 336.2496466304438, 197.2412338256836, 0.0, 0.0, 0.0, 1.0, 0.0]
self.T = [-0.3716397165539941, 0.003689975112467143, -0.049574689081653155]
self.R = [0.9999774952096306, 0.0007773230639434705, -0.006663695905982364, -0.0010252975095644552, 0.9993039421039557, -0.03729048217053383, 0.006630070835973437, 0.03729647522686671, 0.9992822499656249]
# oST version 5.0 parameters


[image]

width
672

height
376

[narrow_stereo/left]

camera matrix
343.406466 0.000000 340.147338
0.000000 343.868706 187.273316
0.000000 0.000000 1.000000

distortion
-0.175885 0.025436 -0.001496 0.001832 0.000000

rectification
0.992036 -0.004133 0.125884
0.006477 0.999813 -0.018221
-0.125785 0.018891 0.991878

projection
336.249647 0.000000 240.432539 0.000000
0.000000 336.249647 197.241234 0.000000
0.000000 0.000000 1.000000 0.000000
# oST version 5.0 parameters


[image]

width
672

height
376

[narrow_stereo/right]

camera matrix
329.736765 0.000000 326.393819
0.000000 330.572205 213.646486
0.000000 0.000000 1.000000

distortion
-0.171897 0.030629 -0.004033 -0.000566 0.000000

rectification
0.991172 -0.009841 0.132217
0.007376 0.999790 0.019124
-0.132377 -0.017980 0.991036

projection
336.249647 0.000000 240.432539 -126.076734
0.000000 336.249647 197.241234 0.000000
0.000000 0.000000 1.000000 0.000000

Traceback (most recent call last):
  File "/home/crp/catkin_ws/src/SLAM/image_pipeline/camera_calibration/src/camera_calibration/camera_calibrator.py", line 277, in on_mouse
    if self.do_upload():
  File "/home/crp/catkin_ws/src/SLAM/image_pipeline/camera_calibration/src/camera_calibration/camera_calibrator.py", line 234, in do_upload
    response = self.set_left_camera_info_service(info[0])
  File "/opt/ros/kinetic/lib/python2.7/dist-packages/rospy/impl/tcpros_service.py", line 435, in __call__
    return self.call(*args, **kwds)
  File "/opt/ros/kinetic/lib/python2.7/dist-packages/rospy/impl/tcpros_service.py", line 495, in call
    service_uri = self._get_service_uri(request)
  File "/opt/ros/kinetic/lib/python2.7/dist-packages/rospy/impl/tcpros_service.py", line 463, in _get_service_uri
    raise ServiceException("service [%s] unavailable"%self.resolved_name)
rospy.service.ServiceException: service [/left_camera/set_camera_info] unavailable
