Left:
('D = ', [-0.1689286642965268, 0.021998824807154656, 0.001206472454715044, 0.0009198924746650276, 0.0])
('K = ', [357.54479704691823, 0.0, 337.9935409929669, 0.0, 358.2626634877098, 174.42298432816253, 0.0, 0.0, 1.0])
('R = ', [0.9993948147553233, 0.0033447820449083315, 0.034623932088153155, -0.0031159988670652014, 0.9999729703534824, -0.006659513007260315, -0.034645270835042284, 0.006547594635091562, 0.9993782238038115])
('P = ', [355.4997033990416, 0.0, 302.18798828125, 0.0, 0.0, 355.4997033990416, 184.12929344177246, 0.0, 0.0, 0.0, 1.0, 0.0])

Right:
('D = ', [-0.1721178849895292, 0.026690666180664877, 0.00011382181316975119, 0.0009852582082687854, 0.0])
('K = ', [354.62308903605583, 0.0, 318.67683161307747, 0.0, 355.27060479136196, 194.049368941013, 0.0, 0.0, 1.0])
('R = ', [0.9993746429346372, 0.0008694482676283385, 0.03534921666708201, -0.0011029315871694397, 0.9999777032582939, 0.006586085953092844, -0.03534270223370611, -0.006620955065352811, 0.9993533190783138])
('P = ', [355.4997033990416, 0.0, 302.18798828125, -40.9484995670133, 0.0, 355.4997033990416, 184.12929344177246, 0.0, 0.0, 0.0, 1.0, 0.0])
('self.T ', [-0.11511371667041281, -0.00010014804982989855, -0.004071725994554531])
('self.R ', [0.9999977303713342, 0.0020083788989700047, -0.0007111022279058223, -0.0020176225186508564, 0.9999102309995389, -0.013246099117137658, 0.0006844352070090822, 0.013247503789279476, 0.999912013725108])
None
# oST version 5.0 parameters


[image]

width
672

height
376

[narrow_stereo/left]

camera matrix
357.544797 0.000000 337.993541
0.000000 358.262663 174.422984
0.000000 0.000000 1.000000

distortion
-0.168929 0.021999 0.001206 0.000920 0.000000

rectification
0.999395 0.003345 0.034624
-0.003116 0.999973 -0.006660
-0.034645 0.006548 0.999378

projection
355.499703 0.000000 302.187988 0.000000
0.000000 355.499703 184.129293 0.000000
0.000000 0.000000 1.000000 0.000000

# oST version 5.0 parameters


[image]

width
672

height
376

[narrow_stereo/right]

camera matrix
354.623089 0.000000 318.676832
0.000000 355.270605 194.049369
0.000000 0.000000 1.000000

distortion
-0.172118 0.026691 0.000114 0.000985 0.000000

rectification
0.999375 0.000869 0.035349
-0.001103 0.999978 0.006586
-0.035343 -0.006621 0.999353

projection
355.499703 0.000000 302.187988 -40.948500
0.000000 355.499703 184.129293 0.000000
0.000000 0.000000 1.000000 0.000000
