Left:
D = [-0.16742803685370977, 0.023596319826140248, -0.00013445809567448302, -0.00025178500884355434, 0.0]
K = [351.8225695986258, 0.0, 336.1836008110961, 0.0, 352.2994635276137, 183.19955341610884, 0.0, 0.0, 1.0]
R = [0.9999461679586588, 0.0012695175655579318, 0.010298034275748904, -0.0012125277552240618, 0.9999839277969359, -0.005538404486411812, -0.010304899865431526, 0.005525619690408943, 0.9999316359460784]
P = [349.86577184863546, 0.0, 314.76155853271484, 0.0, 0.0, 349.86577184863546, 193.5565071105957, 0.0, 0.0, 0.0, 1.0, 0.0]

Right:
D = [-0.16671348088285923, 0.022197364033252176, 0.00010142351555740731, -0.0003408215560674397, 0.0]
K = [351.8491656876169, 0.0, 315.99375630653964, 0.0, 352.39895579009544, 201.7128112566444, 0.0, 0.0, 1.0]
R = [0.9999993559596486, 0.00026411534570856544, 0.0011037768670044525, -0.0002702174943184527, 0.9999846622029452, 0.0055319383011163134, -0.0011022988677020316, -0.005532232998144114, 0.999984089541059]
P = [349.86577184863546, 0.0, 314.76155853271484, -42.053295351405424, 0.0, 349.86577184863546, 193.5565071105957, 0.0, 0.0, 0.0, 1.0, 0.0]
self.T = [-0.12019829217697828, -3.1746233937490396e-05, -0.00013267217980249938]
self.R = [0.9999572106786426, 0.000993212712281807, 0.009197300707103631, -0.0008913989228013278, 0.9999383565298775, -0.011067454462879243, -0.009207726090037418, 0.011058782430070628, 0.9998964551949443]
None
# oST version 5.0 parameters


[image]

width
672

height
376

[narrow_stereo/left]

camera matrix
351.822570 0.000000 336.183601
0.000000 352.299464 183.199553
0.000000 0.000000 1.000000

distortion
-0.167428 0.023596 -0.000134 -0.000252 0.000000

rectification
0.999946 0.001270 0.010298
-0.001213 0.999984 -0.005538
-0.010305 0.005526 0.999932

projection
349.865772 0.000000 314.761559 0.000000
0.000000 349.865772 193.556507 0.000000
0.000000 0.000000 1.000000 0.000000
# oST version 5.0 parameters


[image]

width
672

height
376

[narrow_stereo/right]

camera matrix
351.849166 0.000000 315.993756
0.000000 352.398956 201.712811
0.000000 0.000000 1.000000

distortion
-0.166713 0.022197 0.000101 -0.000341 0.000000

rectification
0.999999 0.000264 0.001104
-0.000270 0.999985 0.005532
-0.001102 -0.005532 0.999984

projection
349.865772 0.000000 314.761559 -42.053295
0.000000 349.865772 193.556507 0.000000
0.000000 0.000000 1.000000 0.000000

**** Calibrating ****

Left:
D = [-0.16742803685370977, 0.023596319826140248, -0.00013445809567448302, -0.00025178500884355434, 0.0]
K = [351.8225695986258, 0.0, 336.1836008110961, 0.0, 352.2994635276137, 183.19955341610884, 0.0, 0.0, 1.0]
R = [0.9999461679586588, 0.0012695175655579318, 0.010298034275748904, -0.0012125277552240618, 0.9999839277969359, -0.005538404486411812, -0.010304899865431526, 0.005525619690408943, 0.9999316359460784]
P = [349.86577184863546, 0.0, 314.76155853271484, 0.0, 0.0, 349.86577184863546, 193.5565071105957, 0.0, 0.0, 0.0, 1.0, 0.0]

Right:
D = [-0.16671348088285923, 0.022197364033252176, 0.00010142351555740731, -0.0003408215560674397, 0.0]
K = [351.8491656876169, 0.0, 315.99375630653964, 0.0, 352.39895579009544, 201.7128112566444, 0.0, 0.0, 1.0]
R = [0.9999993559596486, 0.00026411534570856544, 0.0011037768670044525, -0.0002702174943184527, 0.9999846622029452, 0.0055319383011163134, -0.0011022988677020316, -0.005532232998144114, 0.999984089541059]
P = [349.86577184863546, 0.0, 314.76155853271484, -42.053295351405424, 0.0, 349.86577184863546, 193.5565071105957, 0.0, 0.0, 0.0, 1.0, 0.0]
self.T = [-0.12019829217697828, -3.1746233937490396e-05, -0.00013267217980249938]
self.R = [0.9999572106786426, 0.000993212712281807, 0.009197300707103631, -0.0008913989228013278, 0.9999383565298775, -0.011067454462879243, -0.009207726090037418, 0.011058782430070628, 0.9998964551949443]
None
# oST version 5.0 parameters


[image]

width
672

height
376

[narrow_stereo/left]

camera matrix
351.822570 0.000000 336.183601
0.000000 352.299464 183.199553
0.000000 0.000000 1.000000

distortion
-0.167428 0.023596 -0.000134 -0.000252 0.000000

rectification
0.999946 0.001270 0.010298
-0.001213 0.999984 -0.005538
-0.010305 0.005526 0.999932

projection
349.865772 0.000000 314.761559 0.000000
0.000000 349.865772 193.556507 0.000000
0.000000 0.000000 1.000000 0.000000
# oST version 5.0 parameters


[image]

width
672

height
376

[narrow_stereo/right]

camera matrix
351.849166 0.000000 315.993756
0.000000 352.398956 201.712811
0.000000 0.000000 1.000000

distortion
-0.166713 0.022197 0.000101 -0.000341 0.000000

rectification
0.999999 0.000264 0.001104
-0.000270 0.999985 0.005532
-0.001102 -0.005532 0.999984

projection
349.865772 0.000000 314.761559 -42.053295
0.000000 349.865772 193.556507 0.000000
0.000000 0.000000 1.000000 0.000000


Left:
D = [-0.16742803685370977, 0.023596319826140248, -0.00013445809567448302, -0.00025178500884355434, 0.0]
K = [351.8225695986258, 0.0, 336.1836008110961, 0.0, 352.2994635276137, 183.19955341610884, 0.0, 0.0, 1.0]
R = [0.9999461679586588, 0.0012695175655579318, 0.010298034275748904, -0.0012125277552240618, 0.9999839277969359, -0.005538404486411812, -0.010304899865431526, 0.005525619690408943, 0.9999316359460784]
P = [243.5915630773491, 0.0, 314.76155853271484, 0.0, 0.0, 243.5915630773491, 193.5565071105957, 0.0, 0.0, 0.0, 1.0, 0.0]

Right:
D = [-0.16671348088285923, 0.022197364033252176, 0.00010142351555740731, -0.0003408215560674397, 0.0]
K = [351.8491656876169, 0.0, 315.99375630653964, 0.0, 352.39895579009544, 201.7128112566444, 0.0, 0.0, 1.0]
R = [0.9999993559596486, 0.00026411534570856544, 0.0011037768670044525, -0.0002702174943184527, 0.9999846622029452, 0.0055319383011163134, -0.0011022988677020316, -0.005532232998144114, 0.999984089541059]
P = [243.5915630773491, 0.0, 314.76155853271484, -29.279308727674323, 0.0, 243.5915630773491, 193.5565071105957, 0.0, 0.0, 0.0, 1.0, 0.0]
self.T = [-0.12019829217697828, -3.1746233937490396e-05, -0.00013267217980249938]
self.R = [0.9999572106786426, 0.000993212712281807, 0.009197300707103631, -0.0008913989228013278, 0.9999383565298775, -0.011067454462879243, -0.009207726090037418, 0.011058782430070628, 0.9998964551949443]
# oST version 5.0 parameters



