image_width: 1280
image_height: 720
camera_name: camera/left
camera_matrix:
  rows: 3
  cols: 3
  data: [693.131838769146, 0.0, 692.5498277671763, 0.0, 616.3486206381017, 379.6677572220899, 0.0, 0.0, 1.0]
distortion_model: plumb_bob
distortion_coefficients:
  rows: 1
  cols: 5
  data: [-0.1734857772863602, 0.026545178121976657, 0.0004291887376674085, -3.4873170616746686e-05,0]
rectification_matrix:
  rows: 3
  cols: 3
  data: [0.9994032316677541, -0.004002498274172664, 0.03430977323759053, 0.00408780596859506, 0.999988724855043, -0.002416610259882663, -0.03429971391152931, 0.0025554197992299515, 0.999408324687781]
projection_matrix:
  rows: 3
  cols: 4
  data: [720.1693876512269, 0.0, 589.5634231567383, 0.0, 0.0, 720.1693876512269, 354.3173179626465, 0.0, 0.0, 0.0, 1.0, 0.0]
