image_width: 1280
image_height: 720
camera_name: camera/right
camera_matrix:
  rows: 3
  cols: 3
  data: [694.2107729740508, 0.0, 693.480347118504, 0.0, 617.3114354961933, 380.800130116761, 0.0, 0.0, 1.0]
distortion_model: plumb_bob
distortion_coefficients:
  rows: 1
  cols: 5
  data: [-0.17456713089475154, 0.027410444232267236, 0.0006360696559962682, -0.0002450168896166665,0]
rectification_matrix:
  rows: 3
  cols: 3
  data: [0.9998120216037586, -0.005201247934664388, 0.018678021215524886, 0.0051547889025678984, 0.9999835017193082, 0.002534648015049334, -0.018690896393041483, -0.002437890299496712, 0.9998223377595202]
projection_matrix:
  rows: 3
  cols: 4
  data:  [720.1693876512269, 0.0, 589.5634231567383, -86.52580498584223, 0.0, 720.1693876512269, 354.3173179626465, 0.0, 0.0, 0.0, 1.0, 0.0]
