[LEFT_CAM_2K]
fx=1399.71
fy=1399.71
cx=1090.44
cy=571.952
k1=-0.171265
k2=0.0241867
k3=0
p1=0
p2=0

[RIGHT_CAM_2K]
fx=1400.4
fy=1400.4
cx=1068.9
cy=566.539
k1=-0.170226
k2=0.0228489
k3=0
p1=0
p2=0

[LEFT_CAM_FHD]
fx=1399.71
fy=1399.71
cx=946.44
cy=490.952
k1=-0.171265
k2=0.0241867
k3=0
p1=0
p2=0

[RIGHT_CAM_FHD]
fx=1400.4
fy=1400.4
cx=924.9
cy=485.539
k1=-0.170226
k2=0.0228489
k3=0
p1=0
p2=0

[LEFT_CAM_HD]
fx=699.855
fy=699.855
cx=631.72
cy=333.976
k1=-0.171265
k2=0.0241867
k3=0
p1=0
p2=0

[RIGHT_CAM_HD]
fx=700.2
fy=700.2
cx=620.95
cy=331.2695
k1=-0.170226
k2=0.0228489
k3=0
p1=0
p2=0

[LEFT_CAM_VGA]
fx=349.9275
fy=349.9275
cx=331.36
cy=174.488
k1=-0.171265
k2=0.0241867
k3=0
p1=0
p2=0

[RIGHT_CAM_VGA]
fx=350.1
fy=350.1
cx=325.975
cy=173.13475
k1=-0.170226
k2=0.0228489
k3=0
p1=0
p2=0

[STEREO]
Baseline=120
TY=0
TZ=0
CV_2K=0.00592161
CV_FHD=0.00592161
CV_HD=0.00592161
CV_VGA=0.00592161
RX_2K=0.00543142
RX_FHD=0.00543142
RX_HD=0.00543142
RX_VGA=0.00543142
RZ_2K=-0.00157852
RZ_FHD=-0.00157852
RZ_HD=-0.00157852
RZ_VGA=-0.00157852

